2 3 0 0 0 0 0 
8 7 6
3 锻炼 进行本周周中的锻炼 4 0 2 1 1 0 0
125 4 29 22 0
0

0
7 test1 test 16 1 2 1 1 1 3
125 4 30 14 51
1
13 
1
张同学 wangenbopku@163.com
6 程设大作业路演 程序设计实习课程QT大作业路演视频录制 1 1 4 1 1 2 0
125 4 31 23 30
0

0
5 高数作业 高等数学（A）第15周作业 1 1 1 1 0 3 0
125 5 4 18 30
0

0
1 工作任务 这是一个工作任务，虽然截止时间比较宽裕，但是越早完成获得的收益越高（包括但不限于物质收益、精神收益等），因此这个任务的紧急程度比较高 2 8 4 1 1 4 2
125 5 10 13 20
10
1 2 3 4 5 6 7 8 9 10 
0
0 程设大作业1 程序设计实习课程魔兽世界大作业 1 0 1 1 1 5 1
125 4 29 23 30
3
0 11 12 
3
王同学 webrun@stu.pku.edu.cn
example1 example1@example.cn
example2 example1@example.cn
2 社团活动准备 为第15周周末的社团活动做准备，准备物资，并联系相关人员。 8 1 1 1 1 6 0
125 4 30 17 0
0

0
14 14 14
0 0 1 1 0
125 4 28 13 18

1 1 2 1 1
125 4 29 13 20

2 1 2 1 2
125 4 31 13 20

3 1 2 1 3
125 4 31 22 20

4 1 2 1 4
125 5 1 10 20

5 1 2 1 5
125 5 1 15 20

6 1 2 1 6
125 5 1 22 20

7 1 2 1 7
125 5 2 22 20

8 1 2 1 8
125 5 3 22 20

9 1 2 1 9
125 5 4 22 20

10 1 2 1 10
125 5 5 22 20

11 0 1 1 11
125 4 28 13 27

12 0 1 1 12
125 4 30 13 32

13 7 3 1 13
125 4 30 14 51

