2 4 0 0 0 0 0 
6 5 4
1 锻炼 每周户外锻炼活动 4 1 2 1 0 0 2
125 5 29 20 40
7
0 1 2 3 4 5 6 
0
0 QT大作业提交 QT大作业任务提交 1 3 4 1 1 1 0
125 5 30 23 59
0

0
3 聚餐 家庭聚餐 32 1 1 1 1 2 0
125 5 28 19 10
0

0
5 test test 16 2 1 1 1 3 3
125 5 30 12 36
2
9 10 
2
王同学 2300017788@stu.pku.edu.cn
张同学 Wangenbo2005@163.com
2 QT大作业报告 程序设计实习课程QT大作业总结报告 1 3 1 1 1 4 1
125 5 30 18 10
2
7 8 
3
王同学 Wangebo2005@163.com
王同学-2 Wangenbo1217@163.com
王同学-3 Wangenbo2005127@163.com
11 11 4
0 1 2 0 0
125 5 23 18 20

1 1 2 0 1
125 5 24 18 20

2 1 2 0 2
125 5 25 18 20

3 1 2 0 3
125 5 26 18 20

4 1 2 0 4
125 5 27 18 20

5 1 2 0 5
125 5 28 18 20

6 1 2 0 6
125 5 29 18 20

7 2 1 1 7
125 5 30 12 50

8 2 1 1 8
125 5 30 14 50

9 5 3 1 9
125 5 30 11 39

10 5 3 1 10
125 5 30 11 40

